[gd_scene load_steps=9 format=3 uid="uid://bnqr7hwj7invc"]

[ext_resource type="PackedScene" uid="uid://c1r4sgkqyktpa" path="res://scenes/entities/player.tscn" id="1_377w7"]
[ext_resource type="PackedScene" uid="uid://ctjow3qtp5wup" path="res://fpsCounter.tscn" id="2_bovvr"]

[sub_resource type="ProceduralSkyMaterial" id="ProceduralSkyMaterial_377w7"]
sky_top_color = Color(0.516052, 0.618812, 0.954427, 1)
sky_horizon_color = Color(0.910289, 0.932542, 1.01348, 1)
ground_bottom_color = Color(0.252385, 0.238638, 0.22678, 1)
ground_horizon_color = Color(0.910289, 0.932542, 1.01348, 1)

[sub_resource type="Sky" id="Sky_bovvr"]
sky_material = SubResource("ProceduralSkyMaterial_377w7")

[sub_resource type="Environment" id="Environment_b2cq8"]
background_mode = 2
sky = SubResource("Sky_bovvr")
tonemap_mode = 2
glow_enabled = true

[sub_resource type="BoxShape3D" id="BoxShape3D_377w7"]
size = Vector3(130, 0.5, 130)

[sub_resource type="BoxShape3D" id="BoxShape3D_bovvr"]
size = Vector3(1, 2, 7)

[sub_resource type="BoxShape3D" id="BoxShape3D_b2cq8"]
size = Vector3(10, 3, 1)

[node name="level" type="Node3D"]

[node name="WorldEnvironment" type="WorldEnvironment" parent="."]
environment = SubResource("Environment_b2cq8")

[node name="DirectionalLight3D" type="DirectionalLight3D" parent="."]
transform = Transform3D(-0.866023, -0.433016, 0.250001, 0, 0.499998, 0.866027, -0.500003, 0.749999, -0.43301, 0, 0, 0)
shadow_enabled = true

[node name="Entities" type="Node3D" parent="."]

[node name="Player" parent="Entities" instance=ExtResource("1_377w7")]

[node name="Environment" type="Node3D" parent="."]

[node name="StaticBody3D" type="StaticBody3D" parent="Environment"]

[node name="CSGBox3D" type="CSGBox3D" parent="Environment/StaticBody3D"]
transform = Transform3D(1, 0, 0, 0, 1, 0, 0, 0, 1, 0, -0.25, 0)
size = Vector3(130, 0.5, 130)

[node name="CollisionShape3D" type="CollisionShape3D" parent="Environment/StaticBody3D"]
transform = Transform3D(1, 0, 0, 0, 1, 0, 0, 0, 1, 0, -0.25, 0)
shape = SubResource("BoxShape3D_377w7")

[node name="wall" type="StaticBody3D" parent="Environment"]

[node name="CSGBox3D" type="CSGBox3D" parent="Environment/wall"]
transform = Transform3D(0.965926, 0, -0.258819, 0, 1, 0, 0.258819, 0, 0.965926, 3, 1, 3)
size = Vector3(1, 2, 7)

[node name="CollisionShape3D" type="CollisionShape3D" parent="Environment/wall"]
transform = Transform3D(0.965926, 0, -0.258819, 0, 1, 0, 0.258819, 0, 0.965926, 3, 1, 3)
shape = SubResource("BoxShape3D_bovvr")

[node name="staight wall" type="StaticBody3D" parent="Environment"]

[node name="CSGBox3D" type="CSGBox3D" parent="Environment/staight wall"]
transform = Transform3D(1, 0, 0, 0, 1, 0, 0, 0, 1, 0, 1.5, -5)
size = Vector3(10, 3, 1)

[node name="CollisionShape3D" type="CollisionShape3D" parent="Environment/staight wall"]
transform = Transform3D(1, 0, 0, 0, 1, 0, 0, 0, 1, 0, 1.5, -5)
shape = SubResource("BoxShape3D_b2cq8")

[node name="Node2D" parent="." instance=ExtResource("2_bovvr")]
